Character mentions summary for file: The Project Gutenberg eBook of Anna Karenina, by Leo Tolstoy.txt

                first  second  total  total_rank  first_pct  second_pct
name                                                                   
Levin             781     835   1616           1  48.329208   51.670792
He                614     706   1320           2  46.515152   53.484848
The               552     545   1097           3  50.319052   49.680948
But               541     536   1077           4  50.232126   49.767874
And               494     546   1040           5  47.500000   52.500000
She               458     433    891           6  51.402918   48.597082
Vronsky           476     386    862           7  55.220418   44.779582
Anna              327     421    748           8  43.716578   56.283422
Kitty             371     295    666           9  55.705706   44.294294
It                288     307    595          10  48.403361   51.596639
Alexandrovitch    329     240    569          11  57.820738   42.179262
Arkadyevitch      276     272    548          12  50.364964   49.635036
You               269     257    526          13  51.140684   48.859316
What              241     212    453          14  53.200883   46.799117
Yes               216     224    440          15  49.090909   50.909091
Well              178     186    364          16  48.901099   51.098901
No                195     155    350          17  55.714286   44.285714
Oh                170     168    338          18  50.295858   49.704142
Dolly             128     179    307          19  41.693811   58.306189
Ivanovitch        109     185    294          20  37.074830   62.925170